10.000000 10.000000 10.000000 10.000000 10.000000 10.000000 10.000000 10.000000 10.000000 10.000000 10.000000 10.000000 10.000000 10.000000 10.000000 10.000000 10.000000 10.000000 10.000000 10.000000 10.000000 10.000000 10.000000 10.000000 10.000000 10.000000 10.000000 10.000000 10.000000 10.000000 10.000000 10.000000 10.000000 10.000000 10.000000 10.000000 10.000000 10.000000 10.000000 10.000000 10.000000 10.000000 10.000000 10.000000 10.000000 10.000000 10.000000 10.000000 10.000000 10.000000 10.000000 10.000000 10.000000 10.000000 10.000000 10.000000 10.000000 10.000000 10.000000 10.000000 10.000000 10.000000 10.000000 10.000000 10.000000 10.000000 10.000000 10.000000 10.000000 10.000000 10.000000 10.000000 10.000000 10.000000 10.000000 10.000000 10.000000 10.000000 10.000000 10.000000 10.000000 10.000000 10.000000 10.000000 10.000000 10.000000 10.000000 10.000000 10.000000 10.000000 10.000000 10.000000 10.000000 10.000000 10.000000 10.000000 10.000000 10.000000 10.000000 10.000000 10.000000 
10.000000 9.997999 9.996000 9.994005 9.992015 9.990034 9.988062 9.986103 9.984157 9.982227 9.980314 9.978421 9.976549 9.974700 9.972876 9.971079 9.969311 9.967573 9.965867 9.964195 9.962558 9.960958 9.959397 9.957875 9.956396 9.954959 9.953567 9.952221 9.950922 9.949671 9.948470 9.947320 9.946222 9.945177 9.944186 9.943251 9.942371 9.941548 9.940783 9.940076 9.939428 9.938840 9.938313 9.937846 9.937440 9.937097 9.936815 9.936595 9.936439 9.936344 9.936313 9.936344 9.936439 9.936595 9.936815 9.937097 9.937440 9.937846 9.938313 9.938840 9.939428 9.940076 9.940783 9.941548 9.942371 9.943251 9.944186 9.945177 9.946222 9.947320 9.948470 9.949671 9.950922 9.952221 9.953567 9.954959 9.956396 9.957875 9.959397 9.960958 9.962558 9.964195 9.965867 9.967573 9.969311 9.971079 9.972876 9.974700 9.976549 9.978421 9.980314 9.982227 9.984157 9.986103 9.988062 9.990034 9.992015 9.994005 9.996000 9.997999 10.000000 
10.000000 9.996000 9.992003 9.988015 9.984039 9.980078 9.976137 9.972219 9.968329 9.964471 9.960647 9.956862 9.953120 9.949425 9.945779 9.942187 9.938652 9.935178 9.931767 9.928425 9.925152 9.921954 9.918833 9.915792 9.912834 9.909963 9.907180 9.904489 9.901892 9.899392 9.896992 9.894693 9.892498 9.890409 9.888428 9.886557 9.884799 9.883154 9.881624 9.880211 9.878916 9.877741 9.876686 9.875753 9.874942 9.874255 9.873692 9.873254 9.872940 9.872752 9.872689 9.872752 9.872940 9.873254 9.873692 9.874255 9.874942 9.875753 9.876686 9.877741 9.878916 9.880211 9.881624 9.883154 9.884799 9.886557 9.888428 9.890409 9.892498 9.894693 9.896992 9.899392 9.901892 9.904489 9.907180 9.909963 9.912834 9.915792 9.918833 9.921954 9.925152 9.928425 9.931767 9.935178 9.938652 9.942187 9.945779 9.949425 9.953120 9.956862 9.960647 9.964471 9.968329 9.972219 9.976137 9.980078 9.984039 9.988015 9.992003 9.996000 10.000000 
10.000000 9.994005 9.988015 9.982037 9.976078 9.970141 9.964235 9.958363 9.952533 9.946750 9.941019 9.935347 9.929739 9.924200 9.918736 9.913352 9.908054 9.902847 9.897736 9.892725 9.887821 9.883028 9.878350 9.873792 9.869359 9.865056 9.860885 9.856851 9.852959 9.849213 9.845615 9.842169 9.838879 9.835749 9.832780 9.829976 9.827340 9.824875 9.822582 9.820464 9.818524 9.816762 9.815182 9.813783 9.812568 9.811538 9.810694 9.810037 9.809567 9.809285 9.809191 9.809285 9.809567 9.810037 9.810694 9.811538 9.812568 9.813783 9.815182 9.816762 9.818524 9.820464 9.822582 9.824875 9.827340 9.829976 9.832780 9.835749 9.838879 9.842169 9.845615 9.849213 9.852959 9.856851 9.860885 9.865056 9.869359 9.873792 9.878350 9.883028 9.887821 9.892725 9.897736 9.902847 9.908054 9.913352 9.918736 9.924200 9.929739 9.935347 9.941019 9.946750 9.952533 9.958363 9.964235 9.970141 9.976078 9.982037 9.988015 9.994005 10.000000 
10.000000 9.992015 9.984039 9.976078 9.968140 9.960234 9.952368 9.944549 9.936784 9.929082 9.921450 9.913896 9.906426 9.899050 9.891773 9.884603 9.877547 9.870612 9.863805 9.857132 9.850601 9.844217 9.837987 9.831917 9.826014 9.820282 9.814727 9.809356 9.804172 9.799182 9.794390 9.789802 9.785420 9.781251 9.777297 9.773563 9.770053 9.766769 9.763716 9.760896 9.758311 9.755965 9.753860 9.751997 9.750379 9.749008 9.747884 9.747008 9.746382 9.746006 9.745881 9.746006 9.746382 9.747008 9.747884 9.749008 9.750379 9.751997 9.753860 9.755965 9.758311 9.760896 9.763716 9.766769 9.770053 9.773563 9.777297 9.781251 9.785420 9.789802 9.794390 9.799182 9.804172 9.809356 9.814727 9.820282 9.826014 9.831917 9.837987 9.844217 9.850601 9.857132 9.863805 9.870612 9.877547 9.884603 9.891773 9.899050 9.906426 9.913896 9.921450 9.929082 9.936784 9.944549 9.952368 9.960234 9.968140 9.976078 9.984039 9.992015 10.000000 
10.000000 9.990034 9.980078 9.970141 9.960234 9.950367 9.940548 9.930789 9.921097 9.911484 9.901958 9.892529 9.883207 9.873999 9.864917 9.855967 9.847161 9.838505 9.830009 9.821680 9.813528 9.805560 9.797785 9.790209 9.782840 9.775685 9.768753 9.762048 9.755579 9.749350 9.743370 9.737642 9.732174 9.726969 9.722035 9.717374 9.712993 9.708894 9.705083 9.701563 9.698337 9.695409 9.692781 9.690457 9.688437 9.686725 9.685322 9.684230 9.683448 9.682979 9.682823 9.682979 9.683448 9.684230 9.685322 9.686725 9.688437 9.690457 9.692781 9.695409 9.698337 9.701563 9.705083 9.708894 9.712993 9.717374 9.722035 9.726969 9.732174 9.737642 9.743370 9.749350 9.755579 9.762048 9.768753 9.775685 9.782840 9.790209 9.797785 9.805560 9.813528 9.821680 9.830009 9.838505 9.847161 9.855967 9.864917 9.873999 9.883207 9.892529 9.901958 9.911484 9.921097 9.930789 9.940548 9.950367 9.960234 9.970141 9.980078 9.990034 10.000000 
10.000000 9.988062 9.976137 9.964235 9.952368 9.940548 9.928787 9.917097 9.905489 9.893973 9.882563 9.871269 9.860102 9.849074 9.838194 9.827475 9.816926 9.806558 9.796381 9.786405 9.776640 9.767096 9.757782 9.748707 9.739881 9.731311 9.723007 9.714976 9.707227 9.699766 9.692602 9.685742 9.679191 9.672958 9.667047 9.661465 9.656216 9.651307 9.646742 9.642526 9.638662 9.635154 9.632007 9.629222 9.626803 9.624753 9.623072 9.621763 9.620827 9.620266 9.620078 9.620266 9.620827 9.621763 9.623072 9.624753 9.626803 9.629222 9.632007 9.635154 9.638662 9.642526 9.646742 9.651307 9.656216 9.661465 9.667047 9.672958 9.679191 9.685742 9.692602 9.699766 9.707227 9.714976 9.723007 9.731311 9.739881 9.748707 9.757782 9.767096 9.776640 9.786405 9.796381 9.806558 9.816926 9.827475 9.838194 9.849074 9.860102 9.871269 9.882563 9.893973 9.905489 9.917097 9.928787 9.940548 9.952368 9.964235 9.976137 9.988062 10.000000 
10.000000 9.986103 9.972219 9.958363 9.944549 9.930789 9.917097 9.903487 9.889973 9.876568 9.863284 9.850136 9.837136 9.824297 9.811632 9.799152 9.786872 9.774801 9.762954 9.751340 9.739973 9.728862 9.718019 9.707454 9.697179 9.687202 9.677535 9.668186 9.659164 9.650479 9.642139 9.634152 9.626527 9.619270 9.612388 9.605890 9.599780 9.594065 9.588750 9.583842 9.579343 9.575260 9.571596 9.568354 9.565538 9.563151 9.561195 9.559671 9.558581 9.557927 9.557709 9.557927 9.558581 9.559671 9.561195 9.563151 9.565538 9.568354 9.571596 9.575260 9.579343 9.583842 9.588750 9.594065 9.599780 9.605890 9.612388 9.619270 9.626527 9.634152 9.642139 9.650479 9.659164 9.668186 9.677535 9.687202 9.697179 9.707454 9.718019 9.728862 9.739973 9.751340 9.762954 9.774801 9.786872 9.799152 9.811632 9.824297 9.837136 9.850136 9.863284 9.876568 9.889973 9.903487 9.917097 9.930789 9.944549 9.958363 9.972219 9.986103 10.000000 
10.000000 9.984157 9.968329 9.952533 9.936784 9.921097 9.905489 9.889973 9.874567 9.859284 9.844141 9.829152 9.814331 9.799694 9.785255 9.771029 9.757028 9.743268 9.729761 9.716522 9.703562 9.690896 9.678534 9.666491 9.654776 9.643403 9.632382 9.621723 9.611439 9.601537 9.592030 9.582925 9.574231 9.565958 9.558113 9.550704 9.543739 9.537224 9.531165 9.525569 9.520441 9.515786 9.511609 9.507913 9.504703 9.501981 9.499751 9.498014 9.496772 9.496026 9.495777 9.496026 9.496772 9.498014 9.499751 9.501981 9.504703 9.507913 9.511609 9.515786 9.520441 9.525569 9.531165 9.537224 9.543739 9.550704 9.558113 9.565958 9.574231 9.582925 9.592030 9.601537 9.611439 9.621723 9.632382 9.643403 9.654776 9.666491 9.678534 9.690896 9.703562 9.716522 9.729761 9.743268 9.757028 9.771029 9.785255 9.799694 9.814331 9.829152 9.844141 9.859284 9.874567 9.889973 9.905489 9.921097 9.936784 9.952533 9.968329 9.984157 10.000000 
10.000000 9.982227 9.964471 9.946750 9.929082 9.911484 9.893973 9.876568 9.859284 9.842140 9.825151 9.808336 9.791710 9.775290 9.759091 9.743131 9.727425 9.711988 9.696836 9.681984 9.667445 9.653235 9.639368 9.625857 9.612715 9.599956 9.587592 9.575635 9.564097 9.552990 9.542324 9.532109 9.522356 9.513075 9.504275 9.495963 9.488149 9.480840 9.474043 9.467765 9.462013 9.456791 9.452104 9.447958 9.444357 9.441304 9.438802 9.436853 9.435460 9.434623 9.434344 9.434623 9.435460 9.436853 9.438802 9.441304 9.444357 9.447958 9.452104 9.456791 9.462013 9.467765 9.474043 9.480840 9.488149 9.495963 9.504275 9.513075 9.522356 9.532109 9.542324 9.552990 9.564097 9.575635 9.587592 9.599956 9.612715 9.625857 9.639368 9.653235 9.667445 9.681984 9.696836 9.711988 9.727425 9.743131 9.759091 9.775290 9.791710 9.808336 9.825151 9.842140 9.859284 9.876568 9.893973 9.911484 9.929082 9.946750 9.964471 9.982227 10.000000 
10.000000 9.980314 9.960647 9.941019 9.921450 9.901958 9.882563 9.863284 9.844141 9.825151 9.806335 9.787710 9.769294 9.751107 9.733166 9.715488 9.698092 9.680994 9.664211 9.647760 9.631657 9.615918 9.600558 9.585593 9.571037 9.556905 9.543210 9.529966 9.517187 9.504884 9.493070 9.481756 9.470954 9.460674 9.450926 9.441720 9.433065 9.424970 9.417442 9.410488 9.404116 9.398332 9.393141 9.388550 9.384561 9.381179 9.378407 9.376249 9.374706 9.373779 9.373470 9.373779 9.374706 9.376249 9.378407 9.381179 9.384561 9.388550 9.393141 9.398332 9.404116 9.410488 9.417442 9.424970 9.433065 9.441720 9.450926 9.460674 9.470954 9.481756 9.493070 9.504884 9.517187 9.529966 9.543210 9.556905 9.571037 9.585593 9.600558 9.615918 9.631657 9.647760 9.664211 9.680994 9.698092 9.715488 9.733166 9.751107 9.769294 9.787710 9.806335 9.825151 9.844141 9.863284 9.882563 9.901958 9.921450 9.941019 9.960647 9.980314 10.000000 
10.000000 9.978421 9.956862 9.935347 9.913896 9.892529 9.871269 9.850136 9.829152 9.808336 9.787710 9.767293 9.747107 9.727170 9.707504 9.688126 9.669057 9.650314 9.631917 9.613884 9.596232 9.578980 9.562143 9.545738 9.529783 9.514291 9.499279 9.484762 9.470754 9.457268 9.444317 9.431916 9.420075 9.408806 9.398121 9.388029 9.378542 9.369668 9.361416 9.353794 9.346809 9.340468 9.334779 9.329745 9.325373 9.321665 9.318628 9.316261 9.314570 9.313554 9.313215 9.313554 9.314570 9.316261 9.318628 9.321665 9.325373 9.329745 9.334779 9.340468 9.346809 9.353794 9.361416 9.369668 9.378542 9.388029 9.398121 9.408806 9.420075 9.431916 9.444317 9.457268 9.470754 9.484762 9.499279 9.514291 9.529783 9.545738 9.562143 9.578980 9.596232 9.613884 9.631917 9.650314 9.669057 9.688126 9.707504 9.727170 9.747107 9.767293 9.787710 9.808336 9.829152 9.850136 9.871269 9.892529 9.913896 9.935347 9.956862 9.978421 10.000000 
10.000000 9.976549 9.953120 9.929739 9.906426 9.883207 9.860102 9.837136 9.814331 9.791710 9.769294 9.747107 9.725169 9.703504 9.682131 9.661072 9.640348 9.619980 9.599988 9.580390 9.561207 9.542458 9.524160 9.506333 9.488993 9.472158 9.455844 9.440067 9.424844 9.410188 9.396114 9.382637 9.369768 9.357522 9.345910 9.334944 9.324633 9.314989 9.306021 9.297738 9.290147 9.283257 9.277073 9.271603 9.266851 9.262823 9.259521 9.256950 9.255111 9.254008 9.253640 9.254008 9.255111 9.256950 9.259521 9.262823 9.266851 9.271603 9.277073 9.283257 9.290147 9.297738 9.306021 9.314989 9.324633 9.334944 9.345910 9.357522 9.369768 9.382637 9.396114 9.410188 9.424844 9.440067 9.455844 9.472158 9.488993 9.506333 9.524160 9.542458 9.561207 9.580390 9.599988 9.619980 9.640348 9.661072 9.682131 9.703504 9.725169 9.747107 9.769294 9.791710 9.814331 9.837136 9.860102 9.883207 9.906426 9.929739 9.953120 9.976549 10.000000 
10.000000 9.974700 9.949425 9.924200 9.899050 9.873999 9.849074 9.824297 9.799694 9.775290 9.751107 9.727170 9.703504 9.680130 9.657072 9.634353 9.611996 9.590022 9.568453 9.547311 9.526616 9.506388 9.486648 9.467415 9.448709 9.430546 9.412946 9.395926 9.379502 9.363691 9.348508 9.333968 9.320085 9.306874 9.294346 9.282515 9.271392 9.260988 9.251313 9.242376 9.234187 9.226753 9.220083 9.214181 9.209055 9.204709 9.201147 9.198373 9.196389 9.195199 9.194802 9.195199 9.196389 9.198373 9.201147 9.204709 9.209055 9.214181 9.220083 9.226753 9.234187 9.242376 9.251313 9.260988 9.271392 9.282515 9.294346 9.306874 9.320085 9.333968 9.348508 9.363691 9.379502 9.395926 9.412946 9.430546 9.448709 9.467415 9.486648 9.506388 9.526616 9.547311 9.568453 9.590022 9.611996 9.634353 9.657072 9.680130 9.703504 9.727170 9.751107 9.775290 9.799694 9.824297 9.849074 9.873999 9.899050 9.924200 9.949425 9.974700 10.000000 
10.000000 9.972876 9.945779 9.918736 9.891773 9.864917 9.838194 9.811632 9.785255 9.759091 9.733166 9.707504 9.682131 9.657072 9.632352 9.607996 9.584027 9.560469 9.537345 9.514679 9.492492 9.470807 9.449644 9.429024 9.408969 9.389498 9.370629 9.352382 9.334774 9.317823 9.301545 9.285957 9.271074 9.256910 9.243479 9.230796 9.218871 9.207716 9.197344 9.187763 9.178984 9.171015 9.163863 9.157536 9.152040 9.147381 9.143562 9.140588 9.138462 9.137185 9.136759 9.137185 9.138462 9.140588 9.143562 9.147381 9.152040 9.157536 9.163863 9.171015 9.178984 9.187763 9.197344 9.207716 9.218871 9.230796 9.243479 9.256910 9.271074 9.285957 9.301545 9.317823 9.334774 9.352382 9.370629 9.389498 9.408969 9.429024 9.449644 9.470807 9.492492 9.514679 9.537345 9.560469 9.584027 9.607996 9.632352 9.657072 9.682131 9.707504 9.733166 9.759091 9.785255 9.811632 9.838194 9.864917 9.891773 9.918736 9.945779 9.972876 10.000000 
10.000000 9.971079 9.942187 9.913352 9.884603 9.855967 9.827475 9.799152 9.771029 9.743131 9.715488 9.688126 9.661072 9.634353 9.607996 9.582026 9.556469 9.531350 9.506695 9.482527 9.458870 9.435748 9.413183 9.391198 9.369814 9.349052 9.328934 9.309477 9.290703 9.272629 9.255273 9.238652 9.222783 9.207681 9.193361 9.179836 9.167121 9.155228 9.144169 9.133953 9.124592 9.116095 9.108470 9.101723 9.095863 9.090895 9.086824 9.083653 9.081386 9.080024 9.079570 9.080024 9.081386 9.083653 9.086824 9.090895 9.095863 9.101723 9.108470 9.116095 9.124592 9.133953 9.144169 9.155228 9.167121 9.179836 9.193361 9.207681 9.222783 9.238652 9.255273 9.272629 9.290703 9.309477 9.328934 9.349052 9.369814 9.391198 9.413183 9.435748 9.458870 9.482527 9.506695 9.531350 9.556469 9.582026 9.607996 9.634353 9.661072 9.688126 9.715488 9.743131 9.771029 9.799152 9.827475 9.855967 9.884603 9.913352 9.942187 9.971079 10.000000 
10.000000 9.969311 9.938652 9.908054 9.877547 9.847161 9.816926 9.786872 9.757028 9.727425 9.698092 9.669057 9.640348 9.611996 9.584027 9.556469 9.529349 9.502695 9.476532 9.450886 9.425783 9.401247 9.377302 9.353973 9.331281 9.309250 9.287901 9.267256 9.247333 9.228154 9.209737 9.192100 9.175260 9.159235 9.144039 9.129688 9.116195 9.103575 9.091839 9.080999 9.071066 9.062049 9.053957 9.046799 9.040580 9.035308 9.030988 9.027623 9.025217 9.023773 9.023291 9.023773 9.025217 9.027623 9.030988 9.035308 9.040580 9.046799 9.053957 9.062049 9.071066 9.080999 9.091839 9.103575 9.116195 9.129688 9.144039 9.159235 9.175260 9.192100 9.209737 9.228154 9.247333 9.267256 9.287901 9.309250 9.331281 9.353973 9.377302 9.401247 9.425783 9.450886 9.476532 9.502695 9.529349 9.556469 9.584027 9.611996 9.640348 9.669057 9.698092 9.727425 9.757028 9.786872 9.816926 9.847161 9.877547 9.908054 9.938652 9.969311 10.000000 
10.000000 9.967573 9.935178 9.902847 9.870612 9.838505 9.806558 9.774801 9.743268 9.711988 9.680994 9.650314 9.619980 9.590022 9.560469 9.531350 9.502695 9.474531 9.446886 9.419788 9.393263 9.367337 9.342037 9.317386 9.293410 9.270131 9.247573 9.225758 9.204708 9.184442 9.164982 9.146346 9.128553 9.111619 9.095563 9.080399 9.066143 9.052807 9.040407 9.028953 9.018457 9.008930 9.000380 8.992816 8.986245 8.980675 8.976109 8.972554 8.970012 8.968486 8.967977 8.968486 8.970012 8.972554 8.976109 8.980675 8.986245 8.992816 9.000380 9.008930 9.018457 9.028953 9.040407 9.052807 9.066143 9.080399 9.095563 9.111619 9.128553 9.146346 9.164982 9.184442 9.204708 9.225758 9.247573 9.270131 9.293410 9.317386 9.342037 9.367337 9.393263 9.419788 9.446886 9.474531 9.502695 9.531350 9.560469 9.590022 9.619980 9.650314 9.680994 9.711988 9.743268 9.774801 9.806558 9.838505 9.870612 9.902847 9.935178 9.967573 10.000000 
10.000000 9.965867 9.931767 9.897736 9.863805 9.830009 9.796381 9.762954 9.729761 9.696836 9.664211 9.631917 9.599988 9.568453 9.537345 9.506695 9.476532 9.446886 9.417787 9.389263 9.361343 9.334053 9.307422 9.281474 9.256236 9.231733 9.207988 9.185025 9.162867 9.141536 9.121052 9.101436 9.082706 9.064882 9.047981 9.032019 9.017012 9.002976 8.989923 8.977867 8.966818 8.956790 8.947790 8.939828 8.932912 8.927048 8.922243 8.918500 8.915825 8.914218 8.913682 8.914218 8.915825 8.918500 8.922243 8.927048 8.932912 8.939828 8.947790 8.956790 8.966818 8.977867 8.989923 9.002976 9.017012 9.032019 9.047981 9.064882 9.082706 9.101436 9.121052 9.141536 9.162867 9.185025 9.207988 9.231733 9.256236 9.281474 9.307422 9.334053 9.361343 9.389263 9.417787 9.446886 9.476532 9.506695 9.537345 9.568453 9.599988 9.631917 9.664211 9.696836 9.729761 9.762954 9.796381 9.830009 9.863805 9.897736 9.931767 9.965867 10.000000 
10.000000 9.964195 9.928425 9.892725 9.857132 9.821680 9.786405 9.751340 9.716522 9.681984 9.647760 9.613884 9.580390 9.547311 9.514679 9.482527 9.450886 9.419788 9.389263 9.359342 9.330054 9.301427 9.273491 9.246272 9.219798 9.194094 9.169186 9.145098 9.121855 9.099478 9.077990 9.057413 9.037766 9.019069 9.001339 8.984596 8.968854 8.954129 8.940437 8.927790 8.916201 8.905680 8.896240 8.887888 8.880633 8.874482 8.869441 8.865515 8.862709 8.861023 8.860461 8.861023 8.862709 8.865515 8.869441 8.874482 8.880633 8.887888 8.896240 8.905680 8.916201 8.927790 8.940437 8.954129 8.968854 8.984596 9.001339 9.019069 9.037766 9.057413 9.077990 9.099478 9.121855 9.145098 9.169186 9.194094 9.219798 9.246272 9.273491 9.301427 9.330054 9.359342 9.389263 9.419788 9.450886 9.482527 9.514679 9.547311 9.580390 9.613884 9.647760 9.681984 9.716522 9.751340 9.786405 9.821680 9.857132 9.892725 9.928425 9.964195 10.000000 
10.000000 9.962558 9.925152 9.887821 9.850601 9.813528 9.776640 9.739973 9.703562 9.667445 9.631657 9.596232 9.561207 9.526616 9.492492 9.458870 9.425783 9.393263 9.361343 9.330054 9.299426 9.269491 9.240277 9.211814 9.184130 9.157251 9.131204 9.106015 9.081709 9.058310 9.035840 9.014322 8.993776 8.974224 8.955684 8.938175 8.921714 8.906317 8.891998 8.878773 8.866654 8.855653 8.845780 8.837047 8.829460 8.823028 8.817756 8.813651 8.810716 8.808954 8.808366 8.808954 8.810716 8.813651 8.817756 8.823028 8.829460 8.837047 8.845780 8.855653 8.866654 8.878773 8.891998 8.906317 8.921714 8.938175 8.955684 8.974224 8.993776 9.014322 9.035840 9.058310 9.081709 9.106015 9.131204 9.157251 9.184130 9.211814 9.240277 9.269491 9.299426 9.330054 9.361343 9.393263 9.425783 9.458870 9.492492 9.526616 9.561207 9.596232 9.631657 9.667445 9.703562 9.739973 9.776640 9.813528 9.850601 9.887821 9.925152 9.962558 10.000000 
10.000000 9.960958 9.921954 9.883028 9.844217 9.805560 9.767096 9.728862 9.690896 9.653235 9.615918 9.578980 9.542458 9.506388 9.470807 9.435748 9.401247 9.367337 9.334053 9.301427 9.269491 9.238277 9.207815 9.178136 9.149268 9.121240 9.094081 9.067816 9.042471 9.018072 8.994642 8.972204 8.950781 8.930393 8.911061 8.892804 8.875639 8.859584 8.844654 8.830863 8.818226 8.806755 8.796461 8.787354 8.779443 8.772736 8.767240 8.762959 8.759898 8.758061 8.757448 8.758061 8.759898 8.762959 8.767240 8.772736 8.779443 8.787354 8.796461 8.806755 8.818226 8.830863 8.844654 8.859584 8.875639 8.892804 8.911061 8.930393 8.950781 8.972204 8.994642 9.018072 9.042471 9.067816 9.094081 9.121240 9.149268 9.178136 9.207815 9.238277 9.269491 9.301427 9.334053 9.367337 9.401247 9.435748 9.470807 9.506388 9.542458 9.578980 9.615918 9.653235 9.690896 9.728862 9.767096 9.805560 9.844217 9.883028 9.921954 9.960958 10.000000 
10.000000 9.959397 9.918833 9.878350 9.837987 9.797785 9.757782 9.718019 9.678534 9.639368 9.600558 9.562143 9.524160 9.486648 9.449644 9.413183 9.377302 9.342037 9.307422 9.273491 9.240277 9.207815 9.176135 9.145269 9.115246 9.086098 9.057852 9.030537 9.004179 8.978804 8.954437 8.931102 8.908822 8.887619 8.867514 8.848527 8.830675 8.813978 8.798450 8.784109 8.770966 8.759036 8.748331 8.738860 8.730632 8.723657 8.717941 8.713489 8.710306 8.708395 8.707757 8.708395 8.710306 8.713489 8.717941 8.723657 8.730632 8.738860 8.748331 8.759036 8.770966 8.784109 8.798450 8.813978 8.830675 8.848527 8.867514 8.887619 8.908822 8.931102 8.954437 8.978804 9.004179 9.030537 9.057852 9.086098 9.115246 9.145269 9.176135 9.207815 9.240277 9.273491 9.307422 9.342037 9.377302 9.413183 9.449644 9.486648 9.524160 9.562143 9.600558 9.639368 9.678534 9.718019 9.757782 9.797785 9.837987 9.878350 9.918833 9.959397 10.000000 
10.000000 9.957875 9.915792 9.873792 9.831917 9.790209 9.748707 9.707454 9.666491 9.625857 9.585593 9.545738 9.506333 9.467415 9.429024 9.391198 9.353973 9.317386 9.281474 9.246272 9.211814 9.178136 9.145269 9.113246 9.082099 9.051859 9.022555 8.994216 8.966870 8.940544 8.915264 8.891055 8.867941 8.845943 8.825085 8.805386 8.786866 8.769543 8.753434 8.738555 8.724920 8.712543 8.701437 8.691611 8.683075 8.675839 8.669908 8.665289 8.661987 8.660004 8.659344 8.660004 8.661987 8.665289 8.669908 8.675839 8.683075 8.691611 8.701437 8.712543 8.724920 8.738555 8.753434 8.769543 8.786866 8.805386 8.825085 8.845943 8.867941 8.891055 8.915264 8.940544 8.966870 8.994216 9.022555 9.051859 9.082099 9.113246 9.145269 9.178136 9.211814 9.246272 9.281474 9.317386 9.353973 9.391198 9.429024 9.467415 9.506333 9.545738 9.585593 9.625857 9.666491 9.707454 9.748707 9.790209 9.831917 9.873792 9.915792 9.957875 10.000000 
10.000000 9.956396 9.912834 9.869359 9.826014 9.782840 9.739881 9.697179 9.654776 9.612715 9.571037 9.529783 9.488993 9.448709 9.408969 9.369814 9.331281 9.293410 9.256236 9.219798 9.184130 9.149268 9.115246 9.082099 9.049858 9.018556 8.988222 8.958888 8.930582 8.903331 8.877163 8.852104 8.828178 8.805408 8.783817 8.763426 8.744255 8.726324 8.709649 8.694247 8.680134 8.667322 8.655825 8.645654 8.636819 8.629328 8.623189 8.618408 8.614990 8.612938 8.612253 8.612938 8.614990 8.618408 8.623189 8.629328 8.636819 8.645654 8.655825 8.667322 8.680134 8.694247 8.709649 8.726324 8.744255 8.763426 8.783817 8.805408 8.828178 8.852104 8.877163 8.903331 8.930582 8.958888 8.988222 9.018556 9.049858 9.082099 9.115246 9.149268 9.184130 9.219798 9.256236 9.293410 9.331281 9.369814 9.408969 9.448709 9.488993 9.529783 9.571037 9.612715 9.654776 9.697179 9.739881 9.782840 9.826014 9.869359 9.912834 9.956396 10.000000 
10.000000 9.954959 9.909963 9.865056 9.820282 9.775685 9.731311 9.687202 9.643403 9.599956 9.556905 9.514291 9.472158 9.430546 9.389498 9.349052 9.309250 9.270131 9.231733 9.194094 9.157251 9.121240 9.086098 9.051859 9.018556 8.986222 8.954889 8.924589 8.895350 8.867201 8.840172 8.814286 8.789572 8.766052 8.743750 8.722687 8.702885 8.684363 8.667138 8.651229 8.636651 8.623417 8.611541 8.601035 8.591909 8.584171 8.577830 8.572892 8.569361 8.567241 8.566534 8.567241 8.569361 8.572892 8.577830 8.584171 8.591909 8.601035 8.611541 8.623417 8.636651 8.651229 8.667138 8.684363 8.702885 8.722687 8.743750 8.766052 8.789572 8.814286 8.840172 8.867201 8.895350 8.924589 8.954889 8.986222 9.018556 9.051859 9.086098 9.121240 9.157251 9.194094 9.231733 9.270131 9.309250 9.349052 9.389498 9.430546 9.472158 9.514291 9.556905 9.599956 9.643403 9.687202 9.731311 9.775685 9.820282 9.865056 9.909963 9.954959 10.000000 
10.000000 9.953567 9.907180 9.860885 9.814727 9.768753 9.723007 9.677535 9.632382 9.587592 9.543210 9.499279 9.455844 9.412946 9.370629 9.328934 9.287901 9.247573 9.207988 9.169186 9.131204 9.094081 9.057852 9.022555 8.988222 8.954889 8.922588 8.891351 8.861208 8.832190 8.804325 8.777640 8.752161 8.727914 8.704923 8.683209 8.662795 8.643701 8.625944 8.609543 8.594514 8.580871 8.568628 8.557797 8.548389 8.540412 8.533875 8.528784 8.525144 8.522959 8.522230 8.522959 8.525144 8.528784 8.533875 8.540412 8.548389 8.557797 8.568628 8.580871 8.594514 8.609543 8.625944 8.643701 8.662795 8.683209 8.704923 8.727914 8.752161 8.777640 8.804325 8.832190 8.861208 8.891351 8.922588 8.954889 8.988222 9.022555 9.057852 9.094081 9.131204 9.169186 9.207988 9.247573 9.287901 9.328934 9.370629 9.412946 9.455844 9.499279 9.543210 9.587592 9.632382 9.677535 9.723007 9.768753 9.814727 9.860885 9.907180 9.953567 10.000000 
10.000000 9.952221 9.904489 9.856851 9.809356 9.762048 9.714976 9.668186 9.621723 9.575635 9.529966 9.484762 9.440067 9.395926 9.352382 9.309477 9.267256 9.225758 9.185025 9.145098 9.106015 9.067816 9.030537 8.994216 8.958888 8.924589 8.891351 8.859208 8.828192 8.798332 8.769659 8.742200 8.715983 8.691033 8.667375 8.645032 8.624026 8.604377 8.586106 8.569230 8.553765 8.539727 8.527129 8.515984 8.506303 8.498095 8.491368 8.486130 8.482384 8.480135 8.479386 8.480135 8.482384 8.486130 8.491368 8.498095 8.506303 8.515984 8.527129 8.539727 8.553765 8.569230 8.586106 8.604377 8.624026 8.645032 8.667375 8.691033 8.715983 8.742200 8.769659 8.798332 8.828192 8.859208 8.891351 8.924589 8.958888 8.994216 9.030537 9.067816 9.106015 9.145098 9.185025 9.225758 9.267256 9.309477 9.352382 9.395926 9.440067 9.484762 9.529966 9.575635 9.621723 9.668186 9.714976 9.762048 9.809356 9.856851 9.904489 9.952221 10.000000 
10.000000 9.950922 9.901892 9.852959 9.804172 9.755579 9.707227 9.659164 9.611439 9.564097 9.517187 9.470754 9.424844 9.379502 9.334774 9.290703 9.247333 9.204708 9.162867 9.121855 9.081709 9.042471 9.004179 8.966870 8.930582 8.895350 8.861208 8.828192 8.796332 8.765661 8.736208 8.708003 8.681072 8.655444 8.631143 8.608192 8.586615 8.566433 8.547664 8.530329 8.514444 8.500024 8.487084 8.475636 8.465691 8.457260 8.450351 8.444970 8.441122 8.438813 8.438042 8.438813 8.441122 8.444970 8.450351 8.457260 8.465691 8.475636 8.487084 8.500024 8.514444 8.530329 8.547664 8.566433 8.586615 8.608192 8.631143 8.655444 8.681072 8.708003 8.736208 8.765661 8.796332 8.828192 8.861208 8.895350 8.930582 8.966870 9.004179 9.042471 9.081709 9.121855 9.162867 9.204708 9.247333 9.290703 9.334774 9.379502 9.424844 9.470754 9.517187 9.564097 9.611439 9.659164 9.707227 9.755579 9.804172 9.852959 9.901892 9.950922 10.000000 
10.000000 9.949671 9.899392 9.849213 9.799182 9.749350 9.699766 9.650479 9.601537 9.552990 9.504884 9.457268 9.410188 9.363691 9.317823 9.272629 9.228154 9.184442 9.141536 9.099478 9.058310 9.018072 8.978804 8.940544 8.903331 8.867201 8.832190 8.798332 8.765661 8.734208 8.704005 8.675080 8.647464 8.621183 8.596262 8.572727 8.550600 8.529903 8.510657 8.492880 8.476590 8.461802 8.448532 8.436792 8.426595 8.417949 8.410863 8.405345 8.401400 8.399031 8.398241 8.399031 8.401400 8.405345 8.410863 8.417949 8.426595 8.436792 8.448532 8.461802 8.476590 8.492880 8.510657 8.529903 8.550600 8.572727 8.596262 8.621183 8.647464 8.675080 8.704005 8.734208 8.765661 8.798332 8.832190 8.867201 8.903331 8.940544 8.978804 9.018072 9.058310 9.099478 9.141536 9.184442 9.228154 9.272629 9.317823 9.363691 9.410188 9.457268 9.504884 9.552990 9.601537 9.650479 9.699766 9.749350 9.799182 9.849213 9.899392 9.949671 10.000000 
10.000000 9.948470 9.896992 9.845615 9.794390 9.743370 9.692602 9.642139 9.592030 9.542324 9.493070 9.444317 9.396114 9.348508 9.301545 9.255273 9.209737 9.164982 9.121052 9.077990 9.035840 8.994642 8.954437 8.915264 8.877163 8.840172 8.804325 8.769659 8.736208 8.704005 8.673080 8.643466 8.615191 8.588283 8.562767 8.538670 8.516015 8.494825 8.475119 8.456918 8.440239 8.425099 8.411512 8.399493 8.389051 8.380199 8.372945 8.367295 8.363255 8.360830 8.360021 8.360830 8.363255 8.367295 8.372945 8.380199 8.389051 8.399493 8.411512 8.425099 8.440239 8.456918 8.475119 8.494825 8.516015 8.538670 8.562767 8.588283 8.615191 8.643466 8.673080 8.704005 8.736208 8.769659 8.804325 8.840172 8.877163 8.915264 8.954437 8.994642 9.035840 9.077990 9.121052 9.164982 9.209737 9.255273 9.301545 9.348508 9.396114 9.444317 9.493070 9.542324 9.592030 9.642139 9.692602 9.743370 9.794390 9.845615 9.896992 9.948470 10.000000 
10.000000 9.947320 9.894693 9.842169 9.789802 9.737642 9.685742 9.634152 9.582925 9.532109 9.481756 9.431916 9.382637 9.333968 9.285957 9.238652 9.192100 9.146346 9.101436 9.057413 9.014322 8.972204 8.931102 8.891055 8.852104 8.814286 8.777640 8.742200 8.708003 8.675080 8.643466 8.613191 8.584285 8.556776 8.530691 8.506056 8.482896 8.461232 8.441087 8.422479 8.405428 8.389950 8.376060 8.363772 8.353098 8.344048 8.336632 8.330856 8.326726 8.324247 8.323420 8.324247 8.326726 8.330856 8.336632 8.344048 8.353098 8.363772 8.376060 8.389950 8.405428 8.422479 8.441087 8.461232 8.482896 8.506056 8.530691 8.556776 8.584285 8.613191 8.643466 8.675080 8.708003 8.742200 8.777640 8.814286 8.852104 8.891055 8.931102 8.972204 9.014322 9.057413 9.101436 9.146346 9.192100 9.238652 9.285957 9.333968 9.382637 9.431916 9.481756 9.532109 9.582925 9.634152 9.685742 9.737642 9.789802 9.842169 9.894693 9.947320 10.000000 
10.000000 9.946222 9.892498 9.838879 9.785420 9.732174 9.679191 9.626527 9.574231 9.522356 9.470954 9.420075 9.369768 9.320085 9.271074 9.222783 9.175260 9.128553 9.082706 9.037766 8.993776 8.950781 8.908822 8.867941 8.828178 8.789572 8.752161 8.715983 8.681072 8.647464 8.615191 8.584285 8.554776 8.526694 8.500065 8.474917 8.451274 8.429159 8.408593 8.389598 8.372191 8.356391 8.342211 8.329667 8.318770 8.309532 8.301961 8.296065 8.291849 8.289318 8.288474 8.289318 8.291849 8.296065 8.301961 8.309532 8.318770 8.329667 8.342211 8.356391 8.372191 8.389598 8.408593 8.429159 8.451274 8.474917 8.500065 8.526694 8.554776 8.584285 8.615191 8.647464 8.681072 8.715983 8.752161 8.789572 8.828178 8.867941 8.908822 8.950781 8.993776 9.037766 9.082706 9.128553 9.175260 9.222783 9.271074 9.320085 9.369768 9.420075 9.470954 9.522356 9.574231 9.626527 9.679191 9.732174 9.785420 9.838879 9.892498 9.946222 10.000000 
10.000000 9.945177 9.890409 9.835749 9.781251 9.726969 9.672958 9.619270 9.565958 9.513075 9.460674 9.408806 9.357522 9.306874 9.256910 9.207681 9.159235 9.111619 9.064882 9.019069 8.974224 8.930393 8.887619 8.845943 8.805408 8.766052 8.727914 8.691033 8.655444 8.621183 8.588283 8.556776 8.526694 8.498065 8.470920 8.445283 8.421180 8.398635 8.377670 8.358306 8.340561 8.324453 8.309999 8.297211 8.286102 8.276684 8.268966 8.262955 8.258658 8.256077 8.255217 8.256077 8.258658 8.262955 8.268966 8.276684 8.286102 8.297211 8.309999 8.324453 8.340561 8.358306 8.377670 8.398635 8.421180 8.445283 8.470920 8.498065 8.526694 8.556776 8.588283 8.621183 8.655444 8.691033 8.727914 8.766052 8.805408 8.845943 8.887619 8.930393 8.974224 9.019069 9.064882 9.111619 9.159235 9.207681 9.256910 9.306874 9.357522 9.408806 9.460674 9.513075 9.565958 9.619270 9.672958 9.726969 9.781251 9.835749 9.890409 9.945177 10.000000 
10.000000 9.944186 9.888428 9.832780 9.777297 9.722035 9.667047 9.612388 9.558113 9.504275 9.450926 9.398121 9.345910 9.294346 9.243479 9.193361 9.144039 9.095563 9.047981 9.001339 8.955684 8.911061 8.867514 8.825085 8.783817 8.743750 8.704923 8.667375 8.631143 8.596262 8.562767 8.530691 8.500065 8.470920 8.443283 8.417183 8.392645 8.369693 8.348348 8.328634 8.310569 8.294170 8.279454 8.266435 8.255125 8.245538 8.237680 8.231560 8.227185 8.224558 8.223682 8.224558 8.227185 8.231560 8.237680 8.245538 8.255125 8.266435 8.279454 8.294170 8.310569 8.328634 8.348348 8.369693 8.392645 8.417183 8.443283 8.470920 8.500065 8.530691 8.562767 8.596262 8.631143 8.667375 8.704923 8.743750 8.783817 8.825085 8.867514 8.911061 8.955684 9.001339 9.047981 9.095563 9.144039 9.193361 9.243479 9.294346 9.345910 9.398121 9.450926 9.504275 9.558113 9.612388 9.667047 9.722035 9.777297 9.832780 9.888428 9.944186 10.000000 
10.000000 9.943251 9.886557 9.829976 9.773563 9.717374 9.661465 9.605890 9.550704 9.495963 9.441720 9.388029 9.334944 9.282515 9.230796 9.179836 9.129688 9.080399 9.032019 8.984596 8.938175 8.892804 8.848527 8.805386 8.763426 8.722687 8.683209 8.645032 8.608192 8.572727 8.538670 8.506056 8.474917 8.445283 8.417183 8.390645 8.365696 8.342358 8.320657 8.300612 8.282244 8.265570 8.250607 8.237369 8.225871 8.216122 8.208132 8.201910 8.197462 8.194790 8.193900 8.194790 8.197462 8.201910 8.208132 8.216122 8.225871 8.237369 8.250607 8.265570 8.282244 8.300612 8.320657 8.342358 8.365696 8.390645 8.417183 8.445283 8.474917 8.506056 8.538670 8.572727 8.608192 8.645032 8.683209 8.722687 8.763426 8.805386 8.848527 8.892804 8.938175 8.984596 9.032019 9.080399 9.129688 9.179836 9.230796 9.282515 9.334944 9.388029 9.441720 9.495963 9.550704 9.605890 9.661465 9.717374 9.773563 9.829976 9.886557 9.943251 10.000000 
10.000000 9.942371 9.884799 9.827340 9.770053 9.712993 9.656216 9.599780 9.543739 9.488149 9.433065 9.378542 9.324633 9.271392 9.218871 9.167121 9.116195 9.066143 9.017012 8.968854 8.921714 8.875639 8.830675 8.786866 8.744255 8.702885 8.662795 8.624026 8.586615 8.550600 8.516015 8.482896 8.451274 8.421180 8.392645 8.365696 8.340359 8.316660 8.294622 8.274266 8.255613 8.238681 8.223486 8.210043 8.198366 8.188467 8.180353 8.174035 8.169517 8.166805 8.165900 8.166805 8.169517 8.174035 8.180353 8.188467 8.198366 8.210043 8.223486 8.238681 8.255613 8.274266 8.294622 8.316660 8.340359 8.365696 8.392645 8.421180 8.451274 8.482896 8.516015 8.550600 8.586615 8.624026 8.662795 8.702885 8.744255 8.786866 8.830675 8.875639 8.921714 8.968854 9.017012 9.066143 9.116195 9.167121 9.218871 9.271392 9.324633 9.378542 9.433065 9.488149 9.543739 9.599780 9.656216 9.712993 9.770053 9.827340 9.884799 9.942371 10.000000 
10.000000 9.941548 9.883154 9.824875 9.766769 9.708894 9.651307 9.594065 9.537224 9.480840 9.424970 9.369668 9.314989 9.260988 9.207716 9.155228 9.103575 9.052807 9.002976 8.954129 8.906317 8.859584 8.813978 8.769543 8.726324 8.684363 8.643701 8.604377 8.566433 8.529903 8.494825 8.461232 8.429159 8.398635 8.369693 8.342358 8.316660 8.292623 8.270270 8.249623 8.230704 8.213530 8.198118 8.184483 8.172640 8.162598 8.154369 8.147960 8.143378 8.140627 8.139710 8.140627 8.143378 8.147960 8.154369 8.162598 8.172640 8.184483 8.198118 8.213530 8.230704 8.249623 8.270270 8.292623 8.316660 8.342358 8.369693 8.398635 8.429159 8.461232 8.494825 8.529903 8.566433 8.604377 8.643701 8.684363 8.726324 8.769543 8.813978 8.859584 8.906317 8.954129 9.002976 9.052807 9.103575 9.155228 9.207716 9.260988 9.314989 9.369668 9.424970 9.480840 9.537224 9.594065 9.651307 9.708894 9.766769 9.824875 9.883154 9.941548 10.000000 
10.000000 9.940783 9.881624 9.822582 9.763716 9.705083 9.646742 9.588750 9.531165 9.474043 9.417442 9.361416 9.306021 9.251313 9.197344 9.144169 9.091839 9.040407 8.989923 8.940437 8.891998 8.844654 8.798450 8.753434 8.709649 8.667138 8.625944 8.586106 8.547664 8.510657 8.475119 8.441087 8.408593 8.377670 8.348348 8.320657 8.294622 8.270270 8.247624 8.226708 8.207540 8.190142 8.174528 8.160715 8.148716 8.138543 8.130206 8.123714 8.119071 8.116285 8.115355 8.116285 8.119071 8.123714 8.130206 8.138543 8.148716 8.160715 8.174528 8.190142 8.207540 8.226708 8.247624 8.270270 8.294622 8.320657 8.348348 8.377670 8.408593 8.441087 8.475119 8.510657 8.547664 8.586106 8.625944 8.667138 8.709649 8.753434 8.798450 8.844654 8.891998 8.940437 8.989923 9.040407 9.091839 9.144169 9.197344 9.251313 9.306021 9.361416 9.417442 9.474043 9.531165 9.588750 9.646742 9.705083 9.763716 9.822582 9.881624 9.940783 10.000000 
10.000000 9.940076 9.880211 9.820464 9.760896 9.701563 9.642526 9.583842 9.525569 9.467765 9.410488 9.353794 9.297738 9.242376 9.187763 9.133953 9.080999 9.028953 8.977867 8.927790 8.878773 8.830863 8.784109 8.738555 8.694247 8.651229 8.609543 8.569230 8.530329 8.492880 8.456918 8.422479 8.389598 8.358306 8.328634 8.300612 8.274266 8.249623 8.226708 8.205541 8.186146 8.168539 8.152739 8.138761 8.126619 8.116325 8.107889 8.101318 8.096621 8.093800 8.092860 8.093800 8.096621 8.101318 8.107889 8.116325 8.126619 8.138761 8.152739 8.168539 8.186146 8.205541 8.226708 8.249623 8.274266 8.300612 8.328634 8.358306 8.389598 8.422479 8.456918 8.492880 8.530329 8.569230 8.609543 8.651229 8.694247 8.738555 8.784109 8.830863 8.878773 8.927790 8.977867 9.028953 9.080999 9.133953 9.187763 9.242376 9.297738 9.353794 9.410488 9.467765 9.525569 9.583842 9.642526 9.701563 9.760896 9.820464 9.880211 9.940076 10.000000 
10.000000 9.939428 9.878916 9.818524 9.758311 9.698337 9.638662 9.579343 9.520441 9.462013 9.404116 9.346809 9.290147 9.234187 9.178984 9.124592 9.071066 9.018457 8.966818 8.916201 8.866654 8.818226 8.770966 8.724920 8.680134 8.636651 8.594514 8.553765 8.514444 8.476590 8.440239 8.405428 8.372191 8.340561 8.310569 8.282244 8.255613 8.230704 8.207540 8.186146 8.166540 8.148743 8.132772 8.118643 8.106370 8.095965 8.087437 8.080796 8.076047 8.073196 8.072246 8.073196 8.076047 8.080796 8.087437 8.095965 8.106370 8.118643 8.132772 8.148743 8.166540 8.186146 8.207540 8.230704 8.255613 8.282244 8.310569 8.340561 8.372191 8.405428 8.440239 8.476590 8.514444 8.553765 8.594514 8.636651 8.680134 8.724920 8.770966 8.818226 8.866654 8.916201 8.966818 9.018457 9.071066 9.124592 9.178984 9.234187 9.290147 9.346809 9.404116 9.462013 9.520441 9.579343 9.638662 9.698337 9.758311 9.818524 9.878916 9.939428 10.000000 
10.000000 9.938840 9.877741 9.816762 9.755965 9.695409 9.635154 9.575260 9.515786 9.456791 9.398332 9.340468 9.283257 9.226753 9.171015 9.116095 9.062049 9.008930 8.956790 8.905680 8.855653 8.806755 8.759036 8.712543 8.667322 8.623417 8.580871 8.539727 8.500024 8.461802 8.425099 8.389950 8.356391 8.324453 8.294170 8.265570 8.238681 8.213530 8.190142 8.168539 8.148743 8.130773 8.114648 8.100381 8.087989 8.077482 8.068872 8.062166 8.057372 8.054493 8.053534 8.054493 8.057372 8.062166 8.068872 8.077482 8.087989 8.100381 8.114648 8.130773 8.148743 8.168539 8.190142 8.213530 8.238681 8.265570 8.294170 8.324453 8.356391 8.389950 8.425099 8.461802 8.500024 8.539727 8.580871 8.623417 8.667322 8.712543 8.759036 8.806755 8.855653 8.905680 8.956790 9.008930 9.062049 9.116095 9.171015 9.226753 9.283257 9.340468 9.398332 9.456791 9.515786 9.575260 9.635154 9.695409 9.755965 9.816762 9.877741 9.938840 10.000000 
10.000000 9.938313 9.876686 9.815182 9.753860 9.692781 9.632007 9.571596 9.511609 9.452104 9.393141 9.334779 9.277073 9.220083 9.163863 9.108470 9.053957 9.000380 8.947790 8.896240 8.845780 8.796461 8.748331 8.701437 8.655825 8.611541 8.568628 8.527129 8.487084 8.448532 8.411512 8.376060 8.342211 8.309999 8.279454 8.250607 8.223486 8.198118 8.174528 8.152739 8.132772 8.114648 8.098382 8.083994 8.071494 8.060897 8.052212 8.045449 8.040613 8.037710 8.036741 8.037710 8.040613 8.045449 8.052212 8.060897 8.071494 8.083994 8.098382 8.114648 8.132772 8.152739 8.174528 8.198118 8.223486 8.250607 8.279454 8.309999 8.342211 8.376060 8.411512 8.448532 8.487084 8.527129 8.568628 8.611541 8.655825 8.701437 8.748331 8.796461 8.845780 8.896240 8.947790 9.000380 9.053957 9.108470 9.163863 9.220083 9.277073 9.334779 9.393141 9.452104 9.511609 9.571596 9.632007 9.692781 9.753860 9.815182 9.876686 9.938313 10.000000 
